cys1_N,cys1_Ca,Cys1_CB,cys2_CB,cys1_Ca,cys1_before_psi,cys1_phi,cys1_psi
-2.521,0.280,-3.068,7.863,0.679,-44.115,-56.510,-40.015,other,1TOL,180,155
1.362,0.679,7.863,-3.068,0.280,150.165,-136.968,134.612,other,1TOL,180,155
8.025,-2.566,3.523,1.486,-0.771,127.894,-98.383,120.513,other,1F5W,120,41
4.879,-0.771,1.486,3.523,-2.566,139.768,-151.410,93.412,other,1F5W,120,41
-2.069,4.385,4.350,12.830,-0.330,-10.776,-70.320,-29.061,other,2ALP,58,42
1.483,-0.330,12.830,4.350,4.385,146.713,-147.875,-178.216,other,2ALP,58,42
-0.970,0.423,7.513,8.661,-0.219,145.897,-123.443,158.563,other,2ALP,159,137
2.447,-0.219,8.661,7.513,0.423,152.995,-125.544,164.388,other,2ALP,159,137
1.225,3.775,0.997,-0.468,2.604,-35.175,-68.884,-36.418,other,1TPX,217,182
1.159,2.604,-0.468,0.997,3.775,-42.605,-63.111,-39.897,other,1TPX,217,182
3.834,0.008,-3.171,5.786,-3.227,135.039,-55.673,-33.788,other,1QQY,80,65
-6.400,-3.227,5.786,-3.171,0.008,-31.866,-141.776,165.169,60.0,1QQY,80,65
-0.449,-0.147,-5.581,-0.799,-0.497,-39.373,-70.462,-38.754,other,1QQY,94,76
-4.901,-0.497,-0.799,-5.581,-0.147,-19.680,-97.682,-0.579,other,1QQY,94,76
-2.498,-0.524,4.930,1.315,4.750,-8.747,-119.191,-43.372,other,1QQY,115,30
0.679,4.750,1.315,4.930,-0.524,-39.439,-64.837,-37.349,other,1QQY,115,30
7.637,4.617,-6.993,2.381,-2.688,129.563,-109.320,122.656,other,1L6X,321,261
10.195,-2.688,2.381,-6.993,4.617,125.068,-106.846,112.108,other,1L6X,321,261
6.054,-3.730,-0.527,0.725,-2.636,135.763,-101.030,118.250,other,1L6X,425,367
8.848,-2.636,0.725,-0.527,-3.730,136.128,-124.119,110.978,other,1L6X,425,367
-4.137,-2.093,0,-0.149,-2.800,-16.738,-84.339,-5.430,other,1BR9,101,3
1.344,-2.800,-0.149,0,-2.093,134.684,-126.219,142.188,other,1BR9,101,3
0,1.397,-2.530,5.634,-2.447,141.010,-58.426,-32.842,other,1IEE,80,64
0,-2.447,5.634,-2.530,1.397,-33.924,-134.529,162.213,60.0,1IEE,80,64
0,0.201,-5.875,-0.489,0.349,-41.758,-71.163,-42.363,other,1IEE,94,76
0,0.349,-0.489,-5.875,0.201,-12.404,-97.138,-2.195,other,1IEE,94,76
0,5.281,4.888,1.751,5.356,-19.913,-112.826,-45.185,other,1IEE,115,30
0,5.356,1.751,4.888,5.281,-44.657,-58.039,-45.207,other,1IEE,115,30
6.848,-3.558,-2.399,-1.781,4.480,132.505,-109.755,118.074,other,2J4T,79,25
-1.930,4.480,-1.781,-2.399,-3.558,-39.753,-69.060,-46.088,other,2J4T,79,25
2.894,-0.348,8.224,-2.816,-2.220,137.418,-119.586,148.941,other,2J4T,105,56
-6.752,-2.220,-2.816,8.224,-0.348,-21.769,-83.332,-9.125,other,2J4T,105,56
5.608,1.313,-3.128,4.856,-2.843,141.808,-60.100,-22.936,other,1IWT,81,65
-6.868,-2.843,4.856,-3.128,1.313,-36.692,-140.764,156.064,60.0,1IWT,81,65
-0.756,-0.620,-5.641,-1.030,0.476,-41.119,-70.204,-40.034,other,1IWT,95,77
-5.254,0.476,-1.030,-5.641,-0.620,-24.750,-80.838,-4.846,other,1IWT,95,77
-3.206,-0.973,3.504,3.925,4.645,-12.362,-130.442,-42.845,other,1IWT,116,30
1.659,4.645,3.925,3.504,-0.973,-49.117,-57.843,-41.319,other,1IWT,116,30
-2.516,-0.177,0,5.026,4.969,-8.875,-141.276,159.454,60.0,5PTI,38,14
2.858,4.969,5.026,0,-0.177,-5.539,-87.411,156.370,other,5PTI,38,14
1.701,3.176,1.395,8.452,2.140,-48.198,-58.326,-51.725,other,5PTI,51,30
0.970,2.140,8.452,1.395,3.176,158.590,-91.314,131.864,other,5PTI,51,30
-5.349,-1.347,1.578,-1.029,2.210,-43.132,-112.546,-16.227,other,5PTI,55,5
3.146,2.210,-1.029,1.578,-1.347,-16.497,-68.094,-18.440,other,5PTI,55,5
7.126,-0.552,-2.760,2.331,5.481,139.945,-79.557,117.092,other,1OK3,113,66
2.465,5.481,2.331,-2.760,-0.552,163.639,-77.444,167.777,other,1OK3,113,66
2.781,2.657,-0.340,3.352,-2.883,133.977,-68.299,119.451,other,1XAK,43,8
-1.241,-2.883,3.352,-0.340,2.657,153.119,-150.107,161.700,60.0,1XAK,43,8
-0.897,4.818,-2.906,-2.711,1.008,-15.192,-74.963,-46.887,other,2QYP,47,36
-4.478,1.008,-2.711,-2.906,4.818,-36.786,-72.432,-34.099,other,2QYP,47,36
-4.857,4.344,1.389,1.569,6.635,-49.240,-73.143,-25.109,other,2QYP,72,8
0.688,6.635,1.569,1.389,4.344,-43.695,-59.407,-41.600,other,2QYP,72,8
-0.628,-2.177,5.824,-0.146,0.918,159.190,-140.059,151.580,other,1M9Z,44,38
2.635,0.918,-0.146,5.824,-2.177,1.138,-59.392,117.608,other,1M9Z,44,38
-1.972,-1.971,-3.297,-0.712,5.233,26.956,-94.526,124.410,other,1M9Z,48,31
0.977,5.233,-0.712,-3.297,-1.971,65.595,-97.592,2.230,other,1M9Z,48,31
-5.438,-2.932,-5.398,2.153,-3.391,171.553,-87.393,146.079,other,1M9Z,61,28
0.901,-3.391,2.153,-5.398,-2.932,123.953,-135.211,152.742,other,1M9Z,61,28
0,1.777,7.252,-3.663,-2.399,166.065,-85.731,147.807,other,1M9Z,78,54
6.834,-2.399,-3.663,7.252,1.777,119.696,-60.468,143.112,other,1M9Z,78,54
-1.815,3.157,6.153,5.478,-1.113,28.106,-69.590,-24.339,60.0,1M9Z,120,115
-10.002,-1.113,5.478,6.153,3.157,165.024,-168.734,160.538,60.0,1M9Z,120,115
3.192,-2.867,1.020,1.486,-0.460,74.564,-113.961,81.387,other,2GMF,96,54
2.654,-0.460,1.486,1.020,-2.867,153.954,55.770,33.213,other,2GMF,96,54
4.619,0.489,4.443,8.454,1.878,131.826,-121.089,136.813,other,1KCQ,201,188
-4.262,1.878,8.454,4.443,0.489,-176.957,-113.140,154.530,other,1KCQ,201,188
2.006,3.447,6.341,6.450,1.341,165.097,-93.766,1.472,other,1BYF,111,96
3.006,1.341,6.450,6.341,3.447,135.403,-117.263,155.108,other,1BYF,111,96
1.739,3.589,4.312,0.796,3.868,-44.262,-58.731,-45.597,other,1DQE,54,19
-0.219,3.868,0.796,4.312,3.589,-47.235,-61.877,-34.809,other,1DQE,54,19
4.155,3.574,-5.419,-2.201,0.781,-34.872,-70.063,-42.945,other,1DQE,117,97
3.949,0.781,-2.201,-5.419,3.574,-42.078,-73.551,-27.310,other,1DQE,117,97
5.952,1.113,4.182,2.604,4.289,131.374,-70.991,133.523,other,2D1Z,342,323
1.221,4.289,2.604,4.182,1.113,158.541,-95.140,151.371,other,2D1Z,342,323
5.158,0.268,2.728,1.002,3.497,138.476,-67.114,133.190,other,2D1Z,382,365
1.608,3.497,1.002,2.728,0.268,146.856,-121.686,142.195,other,2D1Z,382,365
7.039,0.987,2.778,2.409,4.847,131.140,-59.717,136.461,other,2D1Z,425,406
0.695,4.847,2.409,2.778,0.987,156.156,-90.806,149.407,other,2D1Z,425,406
-1.587,1.122,-2.525,-2.600,3.242,-46.827,-70.990,-36.804,other,2FD9,26,16
-0.831,3.242,-2.600,-2.525,1.122,-41.083,-63.345,-38.611,other,2FD9,26,16
-0.203,2.937,7.263,5.132,-0.799,1.546,-69.937,157.896,other,2FD9,32,4
3.674,-0.799,5.132,7.263,2.937,124.433,-118.732,136.644,other,2FD9,32,4
4.681,-0.472,0.515,0.962,-1.865,96.478,-98.762,152.734,other,2FD9,40,3
6.253,-1.865,0.962,0.515,-0.472,129.511,-120.957,124.433,other,2FD9,40,3
1.701,-3.411,-1.522,-6.549,-2.571,53.024,-110.838,82.264,other,3BPO,57,29
2.403,-2.571,-6.549,-1.522,-3.411,118.327,79.373,38.583,other,3BPO,57,29
0.705,-1.370,3.689,-0.231,1.750,-5.485,-122.875,125.397,other,3BPO,71,45
-3.476,1.750,-0.231,3.689,-1.370,-11.488,-70.242,-44.891,other,3BPO,71,45
11.166,-0.275,-3.124,-2.144,3.515,132.295,-70.456,129.188,other,1ZLH,161,138
-0.317,3.515,-2.144,-3.124,-0.275,178.712,-67.218,-59.118,other,1ZLH,161,138
2.233,1.083,7.801,12.549,0.424,122.769,-109.769,169.214,other,1NCO,47,37
4.501,0.424,12.549,7.801,1.083,135.880,-146.166,162.454,other,1NCO,47,37
5.487,-1.466,2.552,-1.763,0.014,81.709,-85.575,149.287,other,1NCO,93,88
3.665,0.014,-1.763,2.552,-1.466,109.722,-70.317,-7.027,other,1NCO,93,88
2.802,2.754,3.803,3.806,1.436,-35.029,-68.144,-40.585,other,1Y62,53,32
3.588,1.436,3.806,3.803,2.754,151.701,-84.210,112.239,other,1Y62,53,32
5.952,-2.302,-3.030,-1.247,-0.443,134.630,-107.334,118.887,other,1Z40,409,337
-0.715,-0.443,-1.247,-3.030,-2.302,-42.563,-57.400,-52.285,other,1Z40,409,337
-3.865,-0.745,4.697,-1.157,-1.300,10.687,-167.427,174.662,60.0,1Z40,418,320
3.824,-1.300,-1.157,4.697,-0.745,144.847,-86.113,110.637,other,1Z40,418,320
-1.763,-2.253,8.326,-1.184,-3.661,-13.159,-157.925,163.805,60.0,1FH9,199,167
5.160,-3.661,-1.184,8.326,-2.253,116.572,-113.652,159.598,other,1FH9,199,167
4.550,-0.121,4.311,0.680,1.977,9.162,-82.693,109.908,other,1FH9,267,261
-5.152,1.977,0.680,4.311,-0.121,-43.125,-63.995,-45.738,other,1FH9,267,261
-1.630,-2.021,2.153,6.818,-0.022,-6.773,-127.855,124.345,other,1UUH,97,77
-0.292,-0.022,6.818,2.153,-2.021,175.930,-122.310,29.512,other,1UUH,97,77
-4.487,-4.107,1.265,-7.802,0.733,154.577,-139.471,151.178,other,1UUH,118,53
-3.272,0.733,-7.802,1.265,-4.107,-46.992,-59.623,-44.053,other,1UUH,118,53
4.615,1.233,4.551,2.699,4.824,132.020,-69.023,138.549,other,1KNL,35,16
0.868,4.824,2.699,4.551,1.233,157.449,-99.923,151.229,other,1KNL,35,16
4.677,0.455,3.095,1.184,4.245,136.120,-74.286,135.031,other,1KNL,75,58
1.776,4.245,1.184,3.095,0.455,140.453,-107.695,141.257,other,1KNL,75,58
8.606,1.177,2.731,2.622,4.999,128.311,-62.831,123.473,other,1KNL,118,99
0.494,4.999,2.622,2.731,1.177,159.188,-91.422,143.633,other,1KNL,118,99
2.956,2.103,5.544,7.675,3.765,129.330,-57.510,-22.907,other,1E87,186,173
-4.907,3.765,7.675,5.544,2.103,2.300,-129.694,145.815,other,1E87,186,173
2.527,-3.630,0.273,-5.523,0.782,132.157,-112.747,156.934,other,1E87,194,113
-0.439,0.782,-5.523,0.273,-3.630,-45.943,-59.662,-43.736,other,1E87,194,113
3.368,-2.968,3.221,2.803,-1.161,138.821,-107.395,134.731,other,1B88,90,23
5.860,-1.161,2.803,3.221,-2.968,159.292,-144.461,146.200,other,1B88,90,23
7.247,-1.217,-2.200,-3.391,-0.228,140.958,-83.074,118.369,other,2Z3Q,85,35
5.901,-0.228,-3.391,-2.200,-1.217,133.385,-67.107,143.086,other,2Z3Q,85,35
1.583,0.311,4.167,1.287,1.491,144.714,-135.297,139.184,other,1N0S,115,8
1.229,1.491,1.287,4.167,0.311,164.202,-60.733,143.467,other,1N0S,115,8
-2.994,-1.757,2.493,0,1.455,-33.827,-91.012,-1.783,other,1N0S,170,42
4.856,1.455,0,2.493,-1.757,25.471,-153.992,88.647,other,1N0S,170,42
2.637,0.182,5.351,9.148,0.761,112.759,-115.262,150.762,other,3EZM,22,8
-1.652,0.761,9.148,5.351,0.182,26.485,-134.534,167.521,other,3EZM,22,8
2.733,0.042,4.899,9.165,0.706,114.082,-116.757,147.977,other,3EZM,73,58
-3.167,0.706,9.165,4.899,0.042,2.692,-124.367,151.809,other,3EZM,73,58
2.511,-0.635,9.312,8.493,-0.296,128.170,-123.583,154.217,other,1BEB,119,106
-0.464,-0.296,8.493,9.312,-0.635,165.397,-137.425,151.553,other,1BEB,119,106
3.714,-3.797,-2.388,-7.133,0.527,128.177,-95.265,151.224,other,1TN3,176,77
-3.115,0.527,-7.133,-2.388,-3.797,-42.875,-60.717,-50.868,other,1TN3,176,77
4.295,-4.376,-2.302,-1.229,5.510,132.754,-115.993,124.032,other,2E3W,84,26
-3.726,5.510,-1.229,-2.302,-4.376,-50.866,-64.736,-44.206,other,2E3W,84,26
-2.321,-0.242,-3.652,8.068,-1.216,-20.632,-73.250,119.082,other,1M8N,111,98
-4.908,-1.216,8.068,-3.652,-0.242,54.195,-126.643,160.520,other,1M8N,111,98
-3.187,-0.986,6.123,-1.757,-1.536,27.544,-114.829,158.592,other,1M8N,116,93
-1.137,-1.536,-1.757,6.123,-0.986,25.943,-65.035,136.936,other,1M8N,116,93
4.256,-1.431,-5.088,-3.070,-0.069,146.933,-85.888,113.662,other,2VPF,68,26
9.386,-0.069,-3.070,-5.088,-1.431,138.498,-31.993,115.523,other,2VPF,68,26
3.282,-1.772,7.640,-1.235,1.427,144.083,-129.626,163.184,other,2VPF,102,57
7.462,1.427,-1.235,7.640,-1.772,147.318,-56.789,139.208,other,2VPF,102,57
2.231,1.319,5.288,4.252,-1.802,153.662,-93.122,117.034,other,2VPF,104,61
-1.802,-1.802,4.252,5.288,1.319,163.029,-101.503,-6.611,other,2VPF,104,61
2.453,2.785,5.389,9.579,-2.481,-5.503,55.609,37.395,other,1I1J,17,12
1.307,-2.481,9.579,5.389,2.785,132.442,-132.612,175.514,other,1I1J,17,12
6.563,-3.353,3.029,0.338,-2.424,134.197,-107.747,109.251,other,1EPF,77,22
9.513,-2.424,0.338,3.029,-3.353,119.573,-92.250,115.289,other,1EPF,77,22
1.120,-3.744,-0.135,-4.163,-2.708,137.295,-115.463,155.468,other,1OB1,193,133
-0.636,-2.708,-4.163,-0.135,-3.744,-1.767,-74.698,152.842,other,1OB1,193,133
5.400,1.108,4.254,6.633,3.483,112.911,-51.060,-30.747,other,1UV0,137,120
0.812,3.483,6.633,4.254,1.108,16.022,-132.573,160.406,other,1UV0,137,120
2.337,-4.277,-2.458,-6.571,-1.139,132.276,-105.348,147.867,other,1UV0,145,42
0.997,-1.139,-6.571,-2.458,-4.277,-41.849,-63.216,-33.504,other,1UV0,145,42
-3.476,3.034,5.220,0.446,-3.857,33.477,-100.446,151.488,other,3RN3,72,65
3.221,-3.857,0.446,5.220,3.034,141.635,-72.791,161.999,other,3RN3,72,65
4.587,-4.576,-1.449,-0.576,5.410,131.539,-116.452,119.940,other,3RN3,84,26
-3.334,5.410,-0.576,-1.449,-4.576,-51.973,-61.619,-46.381,other,3RN3,84,26
3.754,-2.249,-1.202,-3.799,-3.349,75.049,-69.777,137.030,other,3RN3,95,40
-0.181,-3.349,-3.799,-1.202,-2.249,168.348,-82.378,110.388,other,3RN3,95,40
-1.395,2.538,0.379,4.797,-1.612,-36.625,-69.701,-37.153,other,2FX5,96,34
-2.461,-1.612,4.797,0.379,2.538,59.738,-123.524,140.493,other,2FX5,96,34
2.779,5.629,-0.514,-4.168,1.231,-33.601,-68.542,-43.864,other,1VAP,81,57
-4.485,1.231,-4.168,-0.514,5.629,7.506,-165.650,169.010,60.0,1VAP,81,57
-0.966,4.601,-1.663,-0.008,0.492,-46.163,-56.811,-45.522,other,1VAP,86,75
8.222,0.492,-0.008,-1.663,4.601,128.871,-92.381,111.102,other,1VAP,86,75
-0.266,0.418,-4.342,-3.968,6.001,-43.591,-62.431,-54.438,other,1VAP,88,50
3.630,6.001,-3.968,-4.342,0.418,-43.185,-58.193,-47.367,other,1VAP,88,50
0.869,5.368,-4.898,-3.390,1.513,-41.284,-63.269,-38.613,other,1VAP,95,43
1.468,1.513,-3.390,-4.898,5.368,-33.886,-56.831,-43.546,other,1VAP,95,43
